111111111111111111111111111111111111111111111111111111111111
100000000000000000000000000000000000000000000000000000000001
100000000000000000000000000000000000000000000000000000000001
100000000000000000000000000000000000000000000000000000000001
100000000000000000000000000000000000000000000000000000000001
100000000000000000000000000000000000000000000000000000000001
100000000000000000000000000000000000000000000000000000000001
100000000000000000000000000000000000000000000000000000000001
100000000000000000000000000000000000000000000000000000000001
100000000000000000000000000000000000000000000000000000000001
100000000000000000000000000000000000000000000000000000000001
100000000000000000000000000000000000000000000000000000000001
100000000000000000000000000000000000000000000000000000000001
100011111111111111111111111111111111111100000000000000000001
100000000000000000000000000000000000111100000000000000000001
100000000000000000000000000000001111111100000000000000000001
100000000000000000000000000000000000000000000000000000000001
100000000000000000000000000000000000000000000000000000000001
100000000000000000000000000000000000000000000000000000000001
100000000000000000000000000000000000000000000000000000000001
100000000000000000000000000000000000000000000000000000000001
100000000000000000000000000000000000000000000000000000000001
100000000000000000000000000000000000000000000000000000000001
100000000000000000000000000000000000000000000000000000000001
100000000000000000000000000000000000000000000000000000000001
100000000000000000000000000000000000000000000000000000000001
100000000000000000000000000000000000000000000000000000000001
100000000000000000000000000000000000000000000000000000000001
111111111111111111111111111111111111111111111111111111111111